eval_loss = 825.792214529855
eval_precision = 0.5097864768683275
eval_recall = 0.543127962085308
eval_f1 = 0.5259293253786139
epoch = 1.0
